3 X 3	 NNZ = 4
VAL = [-2.50053, -0.498196, -0.0402317, -2.49947,  ]
COL = [30, 0, 0, 30,  ]
ROW = [0, 1, 2, 4,  ]
